1.000000 0.000000 0.000000 0.000000 0.000000 0.707107 0.707107 0.000000 0.000000 -0.707107 0.707107 0.000000 0.000000 0.000000 0.000000 1.000000 
0.342020 0.000000 -0.939693 0.000000 0.000000 1.000000 0.000000 0.000000 0.939693 0.000000 0.342020 0.000000 0.000000 0.000000 0.000000 1.000000 
1.000000 0.000000 0.000000 0.000000 0.000000 1.000000 0.000000 0.000000 0.000000 0.000000 1.000000 0.000000 -100.000000 -100.000000 -100.000000 1.000000 
0.342020 0.000000 -0.939693 0.000000 0.664463 0.707107 0.241845 0.000000 0.664463 -0.707107 0.241845 0.000000 -395.265900 -200.000000 5.367554 1.000000 
0.342020 0.000000 -0.939693 0.000000 0.664463 0.707107 0.241845 0.000000 0.664463 -0.707107 0.241845 0.000000 0.000000 0.000000 0.000000 1.000000 
